0 0.0 13.360874804715131 14.360874804715131 
1 0.01 13.218217709870935 14.23756900995209 
2 0.02 13.076797438041165 14.114134746519063 
3 0.03 12.936614482614875 13.990653759234862 
4 0.04 12.797668555787569 13.867203866646777 
5 0.05 12.6599586267633 13.743859079258689 
6 0.06 12.52348295877719 13.620689717288377 
7 0.07 12.388239144945631 13.497762527681978 
8 0.08 12.254224142953916 13.375140800139437 
9 0.09 12.12143430859329 13.252884481929378 
10 0.1 11.989865428161385 13.131050291294843 
11 0.11 11.859512749741828 13.009691829273033 
12 0.12 11.730371013380365 12.888859689772568 
13 0.13 11.60243448017624 12.768601567770686 
14 0.14 11.475696960308797 12.648962365510632 
15 0.15 11.35015184002028 12.529984296595972 
16 0.16 11.22579210757674 12.411706987893892 
17 0.17 11.102610378229684 12.294167579173818 
18 0.18 10.980598918201695 12.177400820420802 
19 0.19 10.8597496677198 12.061439166775275 
20 0.2 10.74005426312069 11.946312871061913 
21 0.21 10.621504058052194 11.83205007388067 
22 0.22 10.504090143795596 11.71867689124231 
23 0.23 10.387803368733476 11.606217499739431 
24 0.24 10.27263435698777 11.494694219251661 
25 0.25 10.158573526252688 11.384127593190867 
26 0.26 10.045611104847032 11.274536466298478 
27 0.27 9.933737148010238 11.165938060012863 
28 0.28 9.822941553466304 11.058348045429753 
29 0.29 9.713214076279415 10.951780613883352 
30 0.3 9.604544343024823 10.846248545179785 
31 0.31 9.49692186529816 10.741763273518117 
32 0.32 9.390336052585983 10.638334951137345 
33 0.33 9.284776224519952 10.535972509730403 
34 0.34 9.180231622536589 10.434683719668646 
35 0.35000000000000003 9.076691420964124 10.334475247082137 
36 0.36 8.974144737557474 10.235352708842825 
37 0.37 8.872580643501891 10.137320725498958 
38 0.38 8.771988172905345 10.040382972210208 
39 0.39 8.672356331799195 9.9445422277338 
40 0.4 8.573674106666179 9.849800421512496 
41 0.41000000000000003 8.475930472514277 9.756158678915702 
42 0.42 8.379114400514434 9.663617364685186 
43 0.43 8.283214865219666 9.572176124636872 
44 0.44 8.188220851382514 9.48183392567009 
45 0.45 8.094121360387337 9.392589094135362 
46 0.46 8.00090541631339 9.304439352611475 
47 0.47000000000000003 7.908562071644159 9.21738185514201 
48 0.48 7.817080412637909 9.131413220981006 
49 0.49 7.72644956437393 9.04652956689664 
50 0.5 7.636658695488449 8.962726538081167 
51 0.51 7.547697022613739 8.879999337714453 
52 0.52 7.459553814533473 8.798342755227601 
53 0.53 7.3722183960669 8.717751193312244 
54 0.54 7.285680151693996 8.638218693720095 
55 0.55 7.199928528933297 8.559738961896391 
56 0.56 7.114953041483689 8.482305390489772 
57 0.5700000000000001 7.030743272141016 8.405911081780165 
58 0.58 6.947288875499963 8.330548869065147 
59 0.59 6.8645795804512755 8.256211337044192 
60 0.6 6.78260519248399 8.182890841239132 
61 0.61 6.701355595801973 8.110579526488099 
62 0.62 6.620820755263715 8.039269344549101 
63 0.63 6.54099071815396 7.968952070848358 
64 0.64 6.461855615795419 7.89961932040741 
65 0.65 6.383405665008472 7.8312625629819905 
66 0.66 6.3056311694264675 7.763873137444591 
67 0.67 6.22852252067389 7.697442265441612 
68 0.68 6.1520701994143785 7.631961064354982 
69 0.6900000000000001 6.076264776275304 7.567420559597145 
70 0.7000000000000001 6.001096912655294 7.503811696267291 
71 0.71 5.926557361420874 7.441125350195792 
72 0.72 5.852636967498087 7.37935233840282 
73 0.73 5.77932666836473 7.318483428996241 
74 0.74 5.706617494448592 7.258509350532938 
75 0.75 5.634500569436856 7.199420800866883 
76 0.76 5.5629671105015746 7.1412084555063755 
77 0.77 5.492008428445948 7.08386297550207 
78 0.78 5.421615927775899 7.027375014886578 
79 0.79 5.351781106701246 6.971735227685655 
80 0.8 5.282495557070585 6.916934274520216 
81 0.81 5.213750964243803 6.862962828817678 
82 0.8200000000000001 5.145539106905964 6.809811582650404 
83 0.8300000000000001 5.077851856826145 6.7574712522183304 
84 0.84 5.0106811785646235 6.705932582992178 
85 0.85 4.944019129131674 6.655186354533007 
86 0.86 4.877857857601067 6.605223385003218 
87 0.87 4.81218960468122 6.556034535383512 
88 0.88 4.74700670224682 6.507610713409722 
89 0.89 4.682301572833592 6.45994287724285 
90 0.9 4.618066729098766 6.413022038885112 
91 0.91 4.554294773249666 6.366839267354244 
92 0.92 4.490978396442733 6.321385691627812 
93 0.93 4.42811037815518 6.27665250336878 
94 0.9400000000000001 4.3656835855313645 6.232630959443121 
95 0.9500000000000001 4.30369097270586 6.189312384239766 
96 0.96 4.242125580105123 6.1466881718028 
97 0.97 4.180980533729526 6.104749787785305 
98 0.98 4.120249044417486 6.0634887712339545 
99 0.99 4.059924407093264 6.022896736212941 
100 1 4.0 5.982965373275564 
